loaded 16 cells

========================================================================================================
NULL BANK  (D_truth on paired noise-only data).  Analytic null: 0.5*delta(0)+0.5*chi2_1
  => median 0, mean 0.5, P(D>2.706) = 0.05.  Empirical check:
========================================================================================================
  fgw=-9 scen=A  n= 50  frac(D==0)=0.60 (expect 0.50)  mean= 2.859 (expect 0.50)  p95=19.085 (expect 2.706)  max= 21.121
  fgw=-8 scen=A  n= 50  frac(D==0)=0.08 (expect 0.50)  mean= 0.835 (expect 0.50)  p95= 5.137 (expect 2.706)  max=  5.197
  fgw=-8 scen=B  n= 50  frac(D==0)=0.34 (expect 0.50)  mean= 0.432 (expect 0.50)  p95= 1.626 (expect 2.706)  max=  2.066
  fgw=-8 scen=C  n= 50  frac(D==0)=0.40 (expect 0.50)  mean= 0.873 (expect 0.50)  p95= 2.642 (expect 2.706)  max=  9.321

===============================================================================================================================================
 fgw sc  SNR                tier  D_truth med           det.frac   area90 med                 IQR           inside90  |off| med    bias    scat
===============================================================================================================================================
  -9  A    5    tier1 (x5 loose)         8.97   0.80 [0.65,0.90]      8.96181   [4.4219,241.7083]   0.00 [0.00,0.09]    13.8285 10.2655 25.0687
  -9  A    5      feather (real)         9.49   0.80 [0.65,0.90]      7.09722   [3.2225,238.1250]   0.20 [0.10,0.35]    10.7177  9.8201 22.0742
  -9  A    5  tier2 k=1.6 (Gaia)        10.07   0.80 [0.65,0.90]      2.06250    [1.3619,17.6389]   0.20 [0.10,0.35]    14.2559 11.2309 21.9374
  -9  A    5           tier2 k=3        10.76   0.80 [0.65,0.90]      0.86667     [0.5464,2.5122]   0.10 [0.04,0.23]    11.6937  9.6007 19.9286
  -9  A    5       tier3 (exact)        12.30   0.90 [0.77,0.96]      0.02916     [0.0165,0.0366]   0.00 [0.00,0.09]     1.7573  0.8972  2.9548
-----------------------------------------------------------------------------------------------------------------------------------------------
  -9  A   10    tier1 (x5 loose)        47.45   1.00 [0.91,1.00]      5.90625    [3.3663,29.1250]   0.30 [0.18,0.46]     5.4037  3.4512  5.9214
  -9  A   10      feather (real)        51.47   1.00 [0.91,1.00]      1.87847     [0.6028,5.7691]   0.20 [0.10,0.35]     3.7911  3.0397  6.5835
  -9  A   10  tier2 k=1.6 (Gaia)        53.41   1.00 [0.91,1.00]      1.22583     [0.4017,2.8125]   0.10 [0.04,0.23]     5.5447  3.3824  6.7968
  -9  A   10           tier2 k=3        58.53   1.00 [0.91,1.00]      0.30167     [0.1953,0.6436]   0.20 [0.10,0.35]     3.7421  3.8802  6.3214
  -9  A   10       tier3 (exact)        72.13   1.00 [0.91,1.00]      0.01636     [0.0145,0.0303]   0.20 [0.10,0.35]     1.4147  0.3571  1.6075
-----------------------------------------------------------------------------------------------------------------------------------------------
  -9  A   20    tier1 (x5 loose)       216.49   1.00 [0.91,1.00]      1.59375     [1.0312,2.3368]   0.10 [0.04,0.23]     4.6697  3.5894  3.8497
  -9  A   20      feather (real)       236.03   1.00 [0.91,1.00]      0.24833     [0.1465,0.5344]   0.10 [0.04,0.23]     1.6893  2.9246  3.8047
  -9  A   20  tier2 k=1.6 (Gaia)       242.71   1.00 [0.91,1.00]      0.14933     [0.0908,0.1914]   0.10 [0.04,0.23]     2.6968  3.0483  3.3901
  -9  A   20           tier2 k=3       268.69   1.00 [0.91,1.00]      0.05591     [0.0455,0.0789]   0.30 [0.18,0.46]     1.0053  1.6819  3.7743
  -9  A   20       tier3 (exact)       341.78   1.00 [0.91,1.00]      0.00506     [0.0042,0.0056]   0.40 [0.26,0.56]     0.0520  0.0257  0.0544
-----------------------------------------------------------------------------------------------------------------------------------------------
  -8  A    5    tier1 (x5 loose)        17.56   1.00 [0.91,1.00]    157.88889 [133.4444,167.8472]   0.90 [0.77,0.96]     6.0965  3.6918  4.9158
  -8  A    5      feather (real)        19.22   1.00 [0.91,1.00]    124.41667 [110.7500,143.5486]   0.90 [0.77,0.96]     6.0327  3.7865  4.8255
  -8  A    5  tier2 k=1.6 (Gaia)        19.53   1.00 [0.91,1.00]    110.55556  [98.5556,134.5278]   0.90 [0.77,0.96]     6.2981  4.7252  5.1072
  -8  A    5           tier2 k=3        19.61   1.00 [0.91,1.00]    106.94444  [72.5069,131.1389]   0.90 [0.77,0.96]     6.2999  4.9538  4.9279
  -8  A    5       tier3 (exact)        35.44   1.00 [0.91,1.00]      2.23611    [0.5367,13.4792]   1.00 [0.91,1.00]     3.1673  2.2434  5.1694
-----------------------------------------------------------------------------------------------------------------------------------------------
  -8  A   10    tier1 (x5 loose)        65.89   1.00 [0.91,1.00]     39.25000   [33.2708,44.6007]   0.60 [0.44,0.74]     4.2630  3.4472  2.6573
  -8  A   10      feather (real)        71.38   1.00 [0.91,1.00]     12.81944   [11.9583,13.9358]   0.50 [0.35,0.65]     4.5287  4.0941  2.3684
  -8  A   10  tier2 k=1.6 (Gaia)        72.55   1.00 [0.91,1.00]      9.12500     [7.0486,9.5347]   0.50 [0.35,0.65]     4.8034  4.2509  2.5870
  -8  A   10           tier2 k=3        72.83   1.00 [0.91,1.00]      6.02778     [5.6042,8.6319]   0.30 [0.18,0.46]     5.2706  4.2465  3.1966
  -8  A   10       tier3 (exact)       119.96   1.00 [0.91,1.00]      0.00025     [0.0002,0.0003]   0.90 [0.77,0.96]     0.0044  0.0012  0.0047
-----------------------------------------------------------------------------------------------------------------------------------------------
  -8  A   20    tier1 (x5 loose)       255.13   1.00 [0.91,1.00]      4.88542     [3.8316,5.3351]   0.00 [0.00,0.09]     3.4297  3.2517  1.5196
  -8  A   20      feather (real)       274.85   1.00 [0.91,1.00]      0.76889     [0.6856,1.0486]   0.00 [0.00,0.09]     3.9316  3.8719  1.3533
  -8  A   20  tier2 k=1.6 (Gaia)       279.37   1.00 [0.91,1.00]      0.51556     [0.4000,0.5578]   0.10 [0.04,0.23]     4.4233  4.2565  1.2480
  -8  A   20           tier2 k=3       280.45   1.00 [0.91,1.00]      0.45333     [0.3111,0.5144]   0.10 [0.04,0.23]     4.4124  4.4482  1.8041
  -8  A   20       tier3 (exact)       439.00   1.00 [0.91,1.00]      0.00007     [0.0001,0.0001]   0.90 [0.77,0.96]     0.0024  0.0005  0.0027
-----------------------------------------------------------------------------------------------------------------------------------------------
  -8  B    5    tier1 (x5 loose)        17.13   1.00 [0.91,1.00]    181.59722 [133.6319,284.4861]   0.80 [0.65,0.90]     5.6736  2.9407  6.4904
  -8  B    5      feather (real)        17.80   1.00 [0.91,1.00]    134.33333  [79.9722,268.3542]   0.70 [0.54,0.82]     6.4195  1.3704  8.1035
  -8  B    5  tier2 k=1.6 (Gaia)        18.11   1.00 [0.91,1.00]    133.09722  [72.4097,257.4861]   0.80 [0.65,0.90]     6.3727  2.0940  8.1974
  -8  B    5           tier2 k=3        18.61   1.00 [0.91,1.00]    126.33333  [69.0278,247.9514]   0.80 [0.65,0.90]     7.0253  2.5974  7.1362
  -8  B    5       tier3 (exact)        29.54   1.00 [0.91,1.00]      6.30556    [3.5069,15.1458]   0.90 [0.77,0.96]     5.4542  3.8718 10.8554
-----------------------------------------------------------------------------------------------------------------------------------------------
  -8  B   10    tier1 (x5 loose)        63.72   1.00 [0.91,1.00]     46.76042   [41.8056,57.0417]   0.30 [0.18,0.46]     4.7870  4.2744  3.7654
  -8  B   10      feather (real)        68.10   1.00 [0.91,1.00]     28.77778   [17.8681,34.4444]   0.70 [0.54,0.82]     4.6628  2.7884  4.3622
  -8  B   10  tier2 k=1.6 (Gaia)        69.87   1.00 [0.91,1.00]     17.34722   [11.4566,20.3125]   0.70 [0.54,0.82]     4.7611  2.8883  3.6730
  -8  B   10           tier2 k=3        71.15   1.00 [0.91,1.00]     14.40278   [10.9167,16.7708]   0.80 [0.65,0.90]     5.8900  4.3803  3.9244
  -8  B   10       tier3 (exact)       108.90   1.00 [0.91,1.00]      0.00050     [0.0003,0.0008]   1.00 [0.91,1.00]     0.0066  0.1038  0.3149
-----------------------------------------------------------------------------------------------------------------------------------------------
  -8  B   20    tier1 (x5 loose)       245.60   1.00 [0.91,1.00]     12.98958   [11.5260,14.0990]   0.00 [0.00,0.09]     4.7056  4.8659  2.0255
  -8  B   20      feather (real)       266.30   1.00 [0.91,1.00]      2.12847     [1.4236,2.4809]   0.30 [0.18,0.46]     3.6675  2.8589  1.9462
  -8  B   20  tier2 k=1.6 (Gaia)       274.48   1.00 [0.91,1.00]      1.21181     [1.1319,1.6997]   0.30 [0.18,0.46]     4.1900  3.4891  1.8268
  -8  B   20           tier2 k=3       278.15   1.00 [0.91,1.00]      1.10417     [1.0486,1.4271]   0.20 [0.10,0.35]     4.9355  4.9218  1.4405
  -8  B   20       tier3 (exact)       417.61   1.00 [0.91,1.00]      0.00008     [0.0001,0.0001]   0.90 [0.77,0.96]     0.0037  0.0002  0.0048
-----------------------------------------------------------------------------------------------------------------------------------------------
  -8  C    5    tier1 (x5 loose)        17.50   1.00 [0.91,1.00]    137.54167 [111.7292,331.6181]   0.70 [0.54,0.82]     7.4476  2.2760 11.3716
  -8  C    5      feather (real)        20.47   1.00 [0.91,1.00]    111.59722  [91.5694,469.9792]   0.80 [0.65,0.90]     6.8312  2.4249 10.7639
  -8  C    5  tier2 k=1.6 (Gaia)        21.81   1.00 [0.91,1.00]     84.47222  [68.5972,461.8889]   0.80 [0.65,0.90]     6.7602  1.1064 12.5951
  -8  C    5           tier2 k=3        22.44   1.00 [0.91,1.00]     70.00000  [42.0208,360.6111]   0.80 [0.65,0.90]     7.3346  0.7931 12.5243
  -8  C    5       tier3 (exact)        27.48   1.00 [0.91,1.00]      1.01278     [0.4356,6.5833]   0.40 [0.26,0.56]     6.0828  3.7210 15.1498
-----------------------------------------------------------------------------------------------------------------------------------------------
  -8  C   10    tier1 (x5 loose)        63.32   1.00 [0.91,1.00]     38.61111   [35.0885,49.9149]   0.30 [0.18,0.46]     5.3290  4.9817  2.8379
  -8  C   10      feather (real)        72.10   1.00 [0.91,1.00]     20.88889   [13.5729,29.8194]   0.80 [0.65,0.90]     3.6649  3.4942  3.2369
  -8  C   10  tier2 k=1.6 (Gaia)        75.90   1.00 [0.91,1.00]     10.22569    [6.7760,11.6528]   0.60 [0.44,0.74]     4.4723  3.9421  2.1554
  -8  C   10           tier2 k=3        77.48   1.00 [0.91,1.00]      6.63889     [4.2292,8.9149]   0.40 [0.26,0.56]     6.4565  5.7507  2.7039
  -8  C   10       tier3 (exact)       104.84   1.00 [0.91,1.00]      0.00035     [0.0003,0.0004]   0.50 [0.35,0.65]     0.0114  0.1371  0.3469
-----------------------------------------------------------------------------------------------------------------------------------------------
  -8  C   20    tier1 (x5 loose)       240.41   1.00 [0.91,1.00]     10.27431    [9.8264,10.8247]   0.00 [0.00,0.09]     4.8139  4.7991  1.6233
  -8  C   20      feather (real)       269.87   1.00 [0.91,1.00]      1.17361     [0.8567,1.7604]   0.10 [0.04,0.23]     3.6228  3.5168  1.3687
  -8  C   20  tier2 k=1.6 (Gaia)       282.08   1.00 [0.91,1.00]      0.56889     [0.4456,0.8856]   0.00 [0.00,0.09]     3.9794  4.1609  1.1246
  -8  C   20           tier2 k=3       286.72   1.00 [0.91,1.00]      0.31111     [0.2489,0.4472]   0.00 [0.00,0.09]     5.8114  5.5171  1.5729
  -8  C   20       tier3 (exact)       409.56   1.00 [0.91,1.00]      0.00008     [0.0001,0.0001]   0.50 [0.35,0.65]     0.0056  0.0007  0.0056
-----------------------------------------------------------------------------------------------------------------------------------------------

========================================================================================================
NOISE-FREE CONTROL -- zero noise, so any MAP offset is PURE model-misspecification bias.
========================================================================================================
       cfg                tier  kappa_mean  n(k>.5)  D_truth_nf   BIAS deg    area90_nf  in90
   fgw-8_A    tier1 (x5 loose)      0.0050        0      61.710     2.7318     51.69444     1
   fgw-8_A      feather (real)      0.0433        1      66.093     3.0660     20.05556     1
   fgw-8_A  tier2 k=1.6 (Gaia)      0.0550        2      67.185     3.0708     13.83333     1
   fgw-8_A           tier2 k=3      0.0658        2      67.441     3.0748     11.19444     1
   fgw-8_A       tier3 (exact)      1.0000       30     100.000     0.0000      0.00032     1
------------------------------------------------------------------------------------
   fgw-8_B    tier1 (x5 loose)      0.0050        0      59.125     5.2840     55.30556     1
   fgw-8_B      feather (real)      0.0433        1      65.078     3.0756     41.22222     1
   fgw-8_B  tier2 k=1.6 (Gaia)      0.0550        2      67.377     4.5321     22.33333     1
   fgw-8_B           tier2 k=3      0.0658        2      67.942     4.2398     18.77778     1
   fgw-8_B       tier3 (exact)      1.0000       30     100.000     0.0000      0.00033     1
------------------------------------------------------------------------------------
   fgw-8_C    tier1 (x5 loose)      0.0050        0      56.976     4.5164     48.16667     1
   fgw-8_C      feather (real)      0.0433        1      63.002     3.0808     30.88889     1
   fgw-8_C  tier2 k=1.6 (Gaia)      0.0550        2      65.342     4.2460     15.05556     1
   fgw-8_C           tier2 k=3      0.0658        2      66.107     4.2503     10.83333     1
   fgw-8_C       tier3 (exact)      1.0000       30     100.000     0.0000      0.00037     1
------------------------------------------------------------------------------------
   fgw-9_A    tier1 (x5 loose)      0.0588        2      61.390     2.0667     14.85417     1
   fgw-9_A      feather (real)      0.1493        5      67.063     1.7848      4.15278     1
   fgw-9_A  tier2 k=1.6 (Gaia)      0.1894        6      68.403     1.7996      2.39583     1
   fgw-9_A           tier2 k=3      0.2902        7      76.410     0.0334      0.42778     1
   fgw-9_A       tier3 (exact)      1.0000       30     100.000     0.0000      0.02037     1
------------------------------------------------------------------------------------

================================================================================================================
VLBI PITCH.  Localisation gain = area90(feather) / area90(tier).  >1 = tighter prior localises better.
================================================================================================================
 fgw sc  SNR          tier1        feather     tier2_k1.6       tier2_k3          tier3 | detfrac feather  -> tier3
  -9  A    5         0.7919              1          3.441          8.189          243.4 |            0.80      0.90
  -9  A   10          0.318              1          1.532          6.227          114.9 |            1.00      1.00
  -9  A   20         0.1558              1          1.663          4.442          49.05 |            1.00      1.00
  -8  A    5          0.788              1          1.125          1.163          55.64 |            1.00      1.00
  -8  A   10         0.3266              1          1.405          2.127      5.133e+04 |            1.00      1.00
  -8  A   20         0.1574              1          1.491          1.696      1.165e+04 |            1.00      1.00
  -8  B    5         0.7397              1          1.009          1.063           21.3 |            1.00      1.00
  -8  B   10         0.6154              1          1.659          1.998      5.699e+04 |            1.00      1.00
  -8  B   20         0.1639              1          1.756          1.928      2.679e+04 |            1.00      1.00
  -8  C    5         0.8114              1          1.321          1.594          110.2 |            1.00      1.00
  -8  C   10          0.541              1          2.043          3.146      5.952e+04 |            1.00      1.00
  -8  C   20         0.1142              1          2.063          3.772      1.436e+04 |            1.00      1.00

================================================================================================================
Detection gain: median D_truth by tier (D_truth ~ recoverable matched-filter SNR^2)
================================================================================================================
 fgw sc  SNR          tier1        feather     tier2_k1.6       tier2_k3          tier3  t3/feather
  -9  A    5           8.97           9.49          10.07          10.76          12.30       1.295
  -9  A   10          47.45          51.47          53.41          58.53          72.13       1.401
  -9  A   20         216.49         236.03         242.71         268.69         341.78       1.448
  -8  A    5          17.56          19.22          19.53          19.61          35.44       1.844
  -8  A   10          65.89          71.38          72.55          72.83         119.96       1.681
  -8  A   20         255.13         274.85         279.37         280.45         439.00       1.597
  -8  B    5          17.13          17.80          18.11          18.61          29.54       1.659
  -8  B   10          63.72          68.10          69.87          71.15         108.90       1.599
  -8  B   20         245.60         266.30         274.48         278.15         417.61       1.568
  -8  C    5          17.50          20.47          21.81          22.44          27.48       1.342
  -8  C   10          63.32          72.10          75.90          77.48         104.84       1.454
  -8  C   20         240.41         269.87         282.08         286.72         409.56       1.518

wrote /panfs/accrepfs.vampire/data/taylor_group/matt_miles/PTAs_WPGTDWI/RING_results/npz/summary.json
wrote /panfs/accrepfs.vampire/data/taylor_group/matt_miles/PTAs_WPGTDWI/RING_results/ring_q1_fgw-9_A.png
wrote /panfs/accrepfs.vampire/data/taylor_group/matt_miles/PTAs_WPGTDWI/RING_results/ring_q1_fgw-8_A.png
wrote /panfs/accrepfs.vampire/data/taylor_group/matt_miles/PTAs_WPGTDWI/RING_results/ring_q1_fgw-8_B.png
wrote /panfs/accrepfs.vampire/data/taylor_group/matt_miles/PTAs_WPGTDWI/RING_results/ring_q1_fgw-8_C.png
